>POU.1
55.00000000000001	230.00000000000003	112.00000000000001	103.00000000000001
78.00000000000001	52.00000000000001	63.00000000000001	307.00000000000006
67.00000000000001	291.00000000000006	54.00000000000001	88.00000000000001
436.00000000000006	24.000000000000004	22.000000000000004	18.000000000000004
4.000000000000001	3.000000000000001	13.000000000000002	480.00000000000006
20.000000000000004	19.000000000000004	380.00000000000006	81.00000000000001
241.00000000000003	201.00000000000003	36.00000000000001	22.000000000000004
423.00000000000006	27.000000000000004	27.000000000000004	23.000000000000004
141.00000000000003	44.00000000000001	26.000000000000004	289.00000000000006
469.00000000000006	11.000000000000002	6.000000000000001	14.000000000000002
134.00000000000003	10.000000000000002	20.000000000000004	336.00000000000006
43.00000000000001	13.000000000000002	167.00000000000003	277.00000000000006
55.00000000000001	234.00000000000003	72.00000000000001	139.00000000000003
318.00000000000006	117.00000000000001	30.000000000000004	35.00000000000001
229.00000000000003	20.000000000000004	69.00000000000001	182.00000000000003
133.00000000000003	54.00000000000001	189.00000000000003	124.00000000000001
>OVO-LIKE.1
82.0	34.0	43.0	38.0
0.0	0.0	0.0	197.0
197.0	0.0	0.0	0.0
189.0	0.0	8.0	0.0
0.0	197.0	0.0	0.0
0.0	0.0	197.0	0.0
0.0	0.0	197.0	0.0
72.0	15.0	41.0	69.0
>TBP
82.00000000000001	252.00000000000003	137.00000000000003	29.000000000000004
67.00000000000001	57.00000000000001	24.000000000000004	352.00000000000006
384.00000000000006	8.000000000000002	12.000000000000002	96.00000000000001
18.000000000000004	22.000000000000004	51.00000000000001	409.00000000000006
457.00000000000006	15.000000000000002	18.000000000000004	10.000000000000002
426.00000000000006	9.000000000000002	5.000000000000001	60.00000000000001
473.00000000000006	0.0	25.000000000000004	2.0000000000000004
381.00000000000006	3.000000000000001	36.00000000000001	80.00000000000001
204.00000000000003	9.000000000000002	269.00000000000006	18.000000000000004
57.00000000000001	185.00000000000003	215.00000000000003	43.00000000000001
>ZF.1
2.564102564102562	17.282051282051256	14.358974358974365	26.205128205128204
3.4871794871794886	5.333333333333335	0.0	51.58974358974356
3.384615384615383	0.0	57.02564102564098	0.0
1.1282051282051258	1.846153846153847	57.4358974358974	0.0
0.0	1.0256410256410262	59.384615384615344	0.0
51.384615384615344	0.0	9.025641025641054	0.0
19.384615384615362	1.846153846153847	32.205128205128204	6.974358974359001
25.128205128205153	2.358974358974357	22.256410256410255	10.666666666666684
>GFI1
43.58532293914342	10.394983412249209	87.86477367751873	7.691740240861542
11.62637313051259	102.36627099244937	20.83320458437941	14.710971562431595
60.590015187776665	15.010592009307173	11.311737550807367	62.62447552188192
7.778160358226976	42.694872984235474	84.20910157650343	14.854685350807117
35.770528568146325	2.5388697247722116	11.95794228644864	99.26947969040584
0.0	0.0	149.53682026977285	0.0
149.53682026977285	0.0	0.0	0.0
0.0	0.0	0.0	149.53682026977285
0.0	0.0	0.0	149.53682026977285
15.477408165503318	17.654678468680263	28.535274654361015	87.86945898122855
>MBD2
16.778203164272853	44.412890728957606	44.412890728957606	4.934765636550844
5.921718763861022	43.42593760164748	51.321562620128795	9.869531273101698
0.0	27.63468756468475	82.90406269405436	0.0
0.0	0.0	57.24328138398986	53.29546887474914
0.0	110.538750258739	0.0	0.0
0.0	110.538750258739	0.0	0.0
0.0	0.0	110.538750258739	0.0
0.0	0.0	110.538750258739	0.0
59.21718763861021	39.47812509240677	11.84343752772202	0.0
11.84343752772202	11.84343752772202	65.13890640247128	21.712968800823685
35.53031258316606	13.817343782342375	53.29546887474914	7.895625018481353
>GRHL2
346.00000000000006	9.000000000000002	96.00000000000001	49.00000000000001
326.00000000000006	2.0000000000000004	89.00000000000001	83.00000000000001
0.0	493.00000000000006	7.000000000000001	0.0
65.00000000000001	355.00000000000006	2.0000000000000004	78.00000000000001
113.00000000000001	9.000000000000002	152.00000000000003	226.00000000000003
0.0	2.0000000000000004	498.00000000000006	0.0
16.000000000000004	103.00000000000001	0.0	381.00000000000006
14.000000000000002	176.00000000000003	10.000000000000002	300.00000000000006
32.00000000000001	113.00000000000001	28.000000000000004	327.00000000000006
58.00000000000001	24.000000000000004	186.00000000000003	232.00000000000003
131.00000000000003	29.000000000000004	149.00000000000003	191.00000000000003
0.0	459.00000000000006	4.000000000000001	37.00000000000001
>PRDM9
251.00000000000003	101.00000000000001	56.00000000000001	82.00000000000001
303.00000000000006	48.00000000000001	98.00000000000001	41.00000000000001
137.00000000000003	72.00000000000001	171.00000000000003	110.00000000000001
254.00000000000003	33.00000000000001	121.00000000000001	82.00000000000001
136.00000000000003	31.000000000000004	137.00000000000003	186.00000000000003
52.00000000000001	3.000000000000001	401.00000000000006	34.00000000000001
104.00000000000001	7.000000000000001	368.00000000000006	11.000000000000002
15.000000000000002	270.00000000000006	2.0000000000000004	203.00000000000003
424.00000000000006	0.0	60.00000000000001	6.000000000000001
39.00000000000001	1.0000000000000002	446.00000000000006	4.000000000000001
11.000000000000002	243.00000000000003	8.000000000000002	228.00000000000003
446.00000000000006	6.000000000000001	33.00000000000001	5.000000000000001
91.00000000000001	117.00000000000001	240.00000000000003	42.00000000000001
3.000000000000001	486.00000000000006	0.0	1.0000000000000002
300.00000000000006	29.000000000000004	2.0000000000000004	159.00000000000003
28.000000000000004	160.00000000000003	122.00000000000001	180.00000000000003
20.000000000000004	430.00000000000006	15.000000000000002	25.000000000000004
129.00000000000003	59.00000000000001	22.000000000000004	280.00000000000006
46.00000000000001	122.00000000000001	190.00000000000003	132.00000000000003
>GATA.1
184.00000000000003	64.00000000000001	156.00000000000003	96.00000000000001
94.00000000000001	215.00000000000003	142.00000000000003	49.00000000000001
332.00000000000006	4.000000000000001	8.000000000000002	156.00000000000003
2.0000000000000004	0.0	498.00000000000006	0.0
490.00000000000006	2.0000000000000004	4.000000000000001	4.000000000000001
4.000000000000001	11.000000000000002	20.000000000000004	465.00000000000006
481.00000000000006	2.0000000000000004	2.0000000000000004	15.000000000000002
459.00000000000006	1.0000000000000002	35.00000000000001	5.000000000000001
47.00000000000001	91.00000000000001	349.00000000000006	13.000000000000002
285.00000000000006	71.00000000000001	128.00000000000003	16.000000000000004
>NRF1
33.00000000000001	324.00000000000006	51.00000000000001	92.00000000000001
227.00000000000003	66.00000000000001	92.00000000000001	115.00000000000001
41.00000000000001	251.00000000000003	172.00000000000003	36.00000000000001
23.000000000000004	61.00000000000001	37.00000000000001	379.00000000000006
22.000000000000004	4.000000000000001	474.00000000000006	0.0
20.000000000000004	466.00000000000006	14.000000000000002	0.0
1.0000000000000002	2.0000000000000004	496.00000000000006	1.0000000000000002
2.0000000000000004	491.00000000000006	4.000000000000001	3.000000000000001
355.00000000000006	88.00000000000001	26.000000000000004	31.000000000000004
15.000000000000002	40.00000000000001	83.00000000000001	362.00000000000006
0.0	4.000000000000001	495.00000000000006	1.0000000000000002
1.0000000000000002	473.00000000000006	1.0000000000000002	25.000000000000004
3.000000000000001	12.000000000000002	447.00000000000006	38.00000000000001
1.0000000000000002	447.00000000000006	2.0000000000000004	50.00000000000001
176.00000000000003	117.00000000000001	171.00000000000003	36.00000000000001
134.00000000000003	96.00000000000001	211.00000000000003	59.00000000000001
48.00000000000001	175.00000000000003	242.00000000000003	35.00000000000001
>HOX.1
125.00000000000001	9.000000000000002	56.00000000000001	310.00000000000006
92.00000000000001	3.000000000000001	351.00000000000006	54.00000000000001
411.00000000000006	23.000000000000004	8.000000000000002	58.00000000000001
11.000000000000002	5.000000000000001	10.000000000000002	474.00000000000006
8.000000000000002	3.000000000000001	11.000000000000002	478.00000000000006
42.00000000000001	23.000000000000004	42.00000000000001	393.00000000000006
481.00000000000006	7.000000000000001	10.000000000000002	2.0000000000000004
20.000000000000004	91.00000000000001	19.000000000000004	370.00000000000006
85.00000000000001	16.000000000000004	234.00000000000003	165.00000000000003
104.00000000000001	27.000000000000004	322.00000000000006	47.00000000000001
38.00000000000001	281.00000000000006	80.00000000000001	101.00000000000001
97.00000000000001	207.00000000000003	60.00000000000001	136.00000000000003
>KLF8
0.0	3.92857142857143	0.0	1.07142857142857
3.392857142857145	1.60714285714286	0.0	0.0
0.0	0.0	4.464285714285715	0.535714285714285
0.0	0.0	3.392857142857145	1.60714285714286
0.0	0.0	5.0	0.0
0.0	0.0	3.2142857142857153	1.785714285714285
0.0	0.0	5.0	0.0
0.0	0.535714285714285	0.0	4.464285714285715
0.0	0.535714285714285	4.464285714285715	0.0
>ZFX
108.45259808059501	59.20274301867039	251.8791632226845	60.907844082422606
10.443744015482984	238.927286558296	164.55731449817665	66.51400333241739
6.180991356102199	374.0866695528189	3.623339760473694	96.55134773497524
30.904956780510947	144.09610173314812	196.9542347094712	108.48705518124171
186.51049069398826	127.88257978142452	156.67122207832205	9.378055850637775
11.935707446266296	42.429450806915746	425.22463961931174	0.8525505318761618
0.0	2.5576515956284904	477.8846968087398	0.0
0.0	479.58979787249206	0.8525505318761618	0.0
0.0	477.0321462768637	1.7051010637523236	1.7051010637523236
0.8525505318761618	0.8525505318761618	1.7051010637523236	477.0321462768637
70.33541887978355	95.91193483606827	279.6666981475361	34.52829654098463
85.48325266666188	163.26342685428568	188.6418670236783	43.053801859746244
70.54855651275223	113.17608310656055	226.169152272307	70.54855651275223
80.58108710837391	163.47656448725434	179.47694880600977	56.907748002734
46.67714162021992	246.63036503733505	134.48984640346472	52.644995343352974
39.00418683333446	214.23344482604054	149.83575597723566	77.36896076776158
40.70928789708682	270.50177992986755	120.84903789344601	48.38224268397243
48.38224268397243	146.42555384973122	140.45770012659798	145.1768517440704
59.41588065163906	179.6255056461786	176.86977826365768	64.53118384289618
>TALE.1
2.0	2.0	1.0	131.0
0.0	3.0	133.0	0.0
129.0	6.0	0.0	1.0
2.0	132.0	1.0	1.0
134.0	1.0	1.0	0.0
14.0	4.0	117.0	1.0
8.0	78.0	30.0	20.0
28.0	19.0	20.0	69.0
24.0	28.0	70.0	14.0
>MEF2
46.0	37.0	91.0	90.0
59.0	28.0	65.0	112.0
29.0	20.0	97.0	118.0
6.0	203.0	15.0	40.0
0.0	14.0	3.0	247.0
241.0	1.0	4.0	18.0
35.0	5.0	2.0	222.0
28.0	11.0	0.0	225.0
8.0	12.0	1.0	243.0
43.0	18.0	7.0	196.0
29.0	14.0	22.0	199.0
153.0	0.0	107.0	4.0
41.0	6.0	172.0	45.0
80.0	118.0	32.0	34.0
87.0	66.0	19.0	92.0
>Paired-related-HD.1
124.00000000000001	74.00000000000001	84.00000000000001	218.00000000000003
231.00000000000003	72.00000000000001	130.00000000000003	67.00000000000001
264.00000000000006	50.00000000000001	130.00000000000003	56.00000000000001
162.00000000000003	65.00000000000001	204.00000000000003	69.00000000000001
253.00000000000003	30.000000000000004	183.00000000000003	34.00000000000001
72.00000000000001	1.0000000000000002	419.00000000000006	8.000000000000002
9.000000000000002	5.000000000000001	486.00000000000006	0.0
430.00000000000006	67.00000000000001	0.0	3.000000000000001
4.000000000000001	0.0	3.000000000000001	493.00000000000006
15.000000000000002	7.000000000000001	4.000000000000001	474.00000000000006
429.00000000000006	1.0000000000000002	11.000000000000002	59.00000000000001
226.00000000000003	35.00000000000001	130.00000000000003	109.00000000000001
>TCF7.1
49.00000000000001	175.00000000000003	154.00000000000003	122.00000000000001
43.00000000000001	272.00000000000006	87.00000000000001	98.00000000000001
10.000000000000002	426.00000000000006	8.000000000000002	56.00000000000001
8.000000000000002	16.000000000000004	0.0	476.00000000000006
1.0000000000000002	27.000000000000004	16.000000000000004	456.00000000000006
8.000000000000002	0.0	2.0000000000000004	490.00000000000006
16.000000000000004	81.00000000000001	390.00000000000006	13.000000000000002
446.00000000000006	6.000000000000001	8.000000000000002	40.00000000000001
126.00000000000001	4.000000000000001	8.000000000000002	362.00000000000006
12.000000000000002	212.00000000000003	268.00000000000006	8.000000000000002
49.00000000000001	88.00000000000001	25.000000000000004	338.00000000000006
44.00000000000001	128.00000000000003	176.00000000000003	152.00000000000003
62.00000000000001	115.00000000000001	180.00000000000003	143.00000000000003
>STAT5.1
10.000000000000002	9.000000000000002	2.0000000000000004	479.00000000000006
22.000000000000004	2.0000000000000004	4.000000000000001	472.00000000000006
1.0000000000000002	496.00000000000006	3.000000000000001	0.0
20.000000000000004	331.00000000000006	4.000000000000001	145.00000000000003
325.00000000000006	175.00000000000003	0.0	0.0
243.00000000000003	3.000000000000001	224.00000000000003	30.000000000000004
4.000000000000001	0.0	492.00000000000006	4.000000000000001
477.00000000000006	5.000000000000001	8.000000000000002	10.000000000000002
490.00000000000006	0.0	5.000000000000001	5.000000000000001
215.00000000000003	93.00000000000001	102.00000000000001	90.00000000000001
>RARRXR.1
110.00000000000001	22.0	248.00000000000003	65.00000000000001
59.000000000000014	50.00000000000001	314.00000000000006	22.000000000000004
134.00000000000003	34.00000000000001	222.00000000000006	55.00000000000001
31.000000000000004	62.00000000000001	50.000000000000014	302.00000000000006
29.000000000000004	303.00000000000006	53.000000000000014	60.00000000000001
278.00000000000006	58.00000000000001	66.00000000000001	43.000000000000014
145.00000000000003	38.0	199.00000000000003	63.00000000000001
222.00000000000006	15.000000000000002	203.00000000000003	5.000000000000001
377.00000000000006	1.0000000000000002	64.00000000000001	3.000000000000001
11.000000000000002	12.000000000000002	417.0	5.000000000000001
12.000000000000002	3.000000000000001	119.0	311.00000000000006
1.0000000000000002	10.000000000000002	11.000000000000002	423.0
6.000000000000001	423.0	10.000000000000002	6.000000000000001
435.0	3.000000000000001	6.000000000000001	1.0000000000000002
375.00000000000006	13.000000000000002	49.000000000000014	8.000000000000002
31.000000000000004	7.000000000000001	390.0	17.000000000000004
24.000000000000004	20.000000000000004	385.0	16.000000000000004
46.00000000000001	43.00000000000001	43.00000000000001	313.0
19.000000000000004	351.0	40.00000000000001	35.00000000000001
351.0	16.000000000000004	40.00000000000001	38.00000000000001
>MECP2
2.965733564783339	70.17648094243913	42.49630100446124	2.965733564783339
0.0	118.60424907646689	0.0	0.0
0.0	118.60424907646689	0.0	0.0
0.0	0.0	118.60424907646689	0.0
0.0	0.0	118.60424907646689	0.0
68.20559861130015	0.0	50.39865046516686	0.0
52.38835293245576	0.0	66.21589614401125	0.0
>PRD16
34.00000000000001	249.00000000000003	64.00000000000001	153.00000000000003
13.000000000000002	410.00000000000006	8.000000000000002	69.00000000000001
27.000000000000004	392.00000000000006	4.000000000000001	77.00000000000001
28.000000000000004	462.00000000000006	1.0000000000000002	9.000000000000002
494.00000000000006	5.000000000000001	1.0000000000000002	0.0
43.00000000000001	4.000000000000001	434.00000000000006	19.000000000000004
133.00000000000003	7.000000000000001	327.00000000000006	33.00000000000001
78.00000000000001	9.000000000000002	410.00000000000006	3.000000000000001
158.00000000000003	90.00000000000001	234.00000000000003	18.000000000000004
246.00000000000003	118.00000000000001	101.00000000000001	35.00000000000001
>SOX.1
402.00000000000006	69.00000000000001	22.000000000000004	7.000000000000001
440.00000000000006	2.0000000000000004	28.000000000000004	30.000000000000004
206.00000000000003	3.000000000000001	144.00000000000003	147.00000000000003
107.00000000000001	25.000000000000004	304.00000000000006	64.00000000000001
117.00000000000001	97.00000000000001	261.00000000000006	25.000000000000004
117.00000000000001	129.00000000000003	169.00000000000003	85.00000000000001
95.00000000000001	141.00000000000003	149.00000000000003	115.00000000000001
33.00000000000001	214.00000000000003	128.00000000000003	125.00000000000001
18.000000000000004	398.00000000000006	31.000000000000004	53.00000000000001
201.00000000000003	39.00000000000001	7.000000000000001	253.00000000000003
0.0	68.00000000000001	47.00000000000001	385.00000000000006
0.0	0.0	0.0	500.00000000000006
2.0000000000000004	2.0000000000000004	495.00000000000006	1.0000000000000002
6.000000000000001	1.0000000000000002	0.0	493.00000000000006
19.000000000000004	66.00000000000001	97.00000000000001	318.00000000000006
28.000000000000004	283.00000000000006	35.00000000000001	154.00000000000003
>COE1
179.00000000000003	41.00000000000001	129.00000000000003	80.00000000000001
52.00000000000001	81.00000000000001	205.00000000000003	91.00000000000001
11.000000000000002	144.00000000000003	24.000000000000004	250.00000000000003
1.0000000000000002	424.00000000000006	3.000000000000001	1.0000000000000002
2.0000000000000004	341.00000000000006	2.0000000000000004	84.00000000000001
2.0000000000000004	419.00000000000006	2.0000000000000004	6.000000000000001
173.00000000000003	18.000000000000004	35.00000000000001	203.00000000000003
81.00000000000001	16.000000000000004	290.00000000000006	42.00000000000001
5.000000000000001	5.000000000000001	415.00000000000006	4.000000000000001
48.00000000000001	0.0	381.00000000000006	0.0
0.0	0.0	429.00000000000006	0.0
364.00000000000006	8.000000000000002	52.00000000000001	5.000000000000001
85.00000000000001	186.00000000000003	129.00000000000003	29.000000000000004
>NR.1
288.00000000000006	9.000000000000002	194.00000000000003	9.000000000000002
88.00000000000001	3.000000000000001	378.00000000000006	31.000000000000004
70.00000000000001	3.000000000000001	423.00000000000006	4.000000000000001
32.00000000000001	5.000000000000001	67.00000000000001	396.00000000000006
7.000000000000001	444.00000000000006	18.000000000000004	31.000000000000004
460.00000000000006	6.000000000000001	26.000000000000004	8.000000000000002
93.00000000000001	165.00000000000003	188.00000000000003	54.00000000000001
215.00000000000003	146.00000000000003	121.00000000000001	18.000000000000004
149.00000000000003	93.00000000000001	220.00000000000003	38.00000000000001
103.00000000000001	63.00000000000001	54.00000000000001	280.00000000000006
47.00000000000001	83.00000000000001	343.00000000000006	27.000000000000004
204.00000000000003	110.00000000000001	115.00000000000001	71.00000000000001
114.00000000000001	308.00000000000006	48.00000000000001	30.000000000000004
148.00000000000003	296.00000000000006	21.000000000000004	35.00000000000001
70.00000000000001	113.00000000000001	73.00000000000001	244.00000000000003
89.00000000000001	82.00000000000001	228.00000000000003	101.00000000000001
135.00000000000003	56.00000000000001	240.00000000000003	69.00000000000001
156.00000000000003	117.00000000000001	170.00000000000003	57.00000000000001
>PAS.1
115.00000000000001	128.00000000000003	223.00000000000003	34.00000000000001
83.00000000000001	35.00000000000001	122.00000000000001	260.00000000000006
433.00000000000006	10.000000000000002	54.00000000000001	3.000000000000001
10.000000000000002	456.00000000000006	13.000000000000002	21.000000000000004
8.000000000000002	5.000000000000001	485.00000000000006	2.0000000000000004
0.0	0.0	1.0000000000000002	499.00000000000006
0.0	0.0	499.00000000000006	1.0000000000000002
187.00000000000003	235.00000000000003	30.000000000000004	48.00000000000001
80.00000000000001	245.00000000000003	67.00000000000001	108.00000000000001
>TALE.2
53.00000000000001	22.000000000000004	37.00000000000001	388.00000000000006
6.000000000000001	12.000000000000002	479.00000000000006	3.000000000000001
484.00000000000006	2.0000000000000004	6.000000000000001	8.000000000000002
10.000000000000002	98.00000000000001	140.00000000000003	252.00000000000003
21.000000000000004	11.000000000000002	50.00000000000001	418.00000000000006
9.000000000000002	1.0000000000000002	471.00000000000006	19.000000000000004
339.00000000000006	4.000000000000001	153.00000000000003	4.000000000000001
2.0000000000000004	445.00000000000006	5.000000000000001	48.00000000000001
322.00000000000006	8.000000000000002	111.00000000000001	59.00000000000001
38.00000000000001	33.00000000000001	385.00000000000006	44.00000000000001
73.00000000000001	170.00000000000003	218.00000000000003	39.00000000000001
>ZF.2
28.0	26.0	77.0	38.0
28.0	39.0	90.0	12.0
37.0	84.0	27.0	21.0
17.0	78.0	21.0	53.0
37.0	64.0	16.0	52.0
0.0	168.0	1.0	0.0
14.0	153.0	0.0	2.0
10.0	22.0	0.0	137.0
8.0	10.0	148.0	3.0
0.0	155.0	14.0	0.0
8.0	1.0	2.0	158.0
2.0	5.0	162.0	0.0
55.0	5.0	34.0	75.0
1.0	5.0	148.0	15.0
63.0	43.0	24.0	39.0
>KRUPPEL.1
86.18062234794844	93.99533239038107	173.767892503535	61.17355021216349
72.89561527581266	90.6506364922197	197.11824611032407	54.45289957567156
94.6517680339455	91.33833097595416	182.23903818953207	46.88826025459667
114.65742574257321	91.02574257425675	161.60820367750952	47.82602545968848
71.33267326732604	82.89844413012672	230.25261669023948	30.633663366336375
50.139179632248364	31.133804809052098	264.94992927864064	68.89448373408729
57.51626591230513	1.0002828854313937	354.85035360678586	1.750495049504938
1.0002828854313937	4.2512022630834245	405.73974540310707	4.126166902404491
4.001131541725571	8.127298444130046	401.1134370579869	1.8755304101838588
97.34002828854244	260.511173974539	21.00594059405924	36.26025459688797
18.442715700141306	14.254031117397362	369.5420084865593	12.878642149929194
3.000848656294177	6.126732673267275	361.8523338048056	44.137482319660094
78.64724186704316	14.504101838755204	298.5844413012708	23.381612446958773
39.511173974539986	55.26562942008448	304.96124469589563	15.379349363507648
47.38840169731219	229.94002828854207	99.2780763790657	38.51089108910862
46.51315417255962	152.4181046676084	130.97454031117294	85.21159830268661
106.90523338047981	55.20311173974483	186.74031117397337	66.26874115982999
83.27355021216336	69.51966053748167	214.1230551626578	48.20113154172511
68.01923620933471	110.03111739745303	189.1159830268729	47.95106082036735
75.58387553040959	100.403394625176	186.74031117397337	52.389816124469014
>AP2.1
77.00000000000001	153.00000000000003	81.00000000000001	189.00000000000003
132.00000000000003	66.00000000000001	217.00000000000003	85.00000000000001
4.000000000000001	191.00000000000003	288.00000000000006	17.000000000000004
0.0	497.00000000000006	1.0000000000000002	2.0000000000000004
1.0000000000000002	411.00000000000006	1.0000000000000002	87.00000000000001
0.0	213.00000000000003	63.00000000000001	224.00000000000003
1.0000000000000002	442.00000000000006	0.0	57.00000000000001
334.00000000000006	5.000000000000001	140.00000000000003	21.000000000000004
5.000000000000001	0.0	495.00000000000006	0.0
0.0	0.0	496.00000000000006	4.000000000000001
9.000000000000002	276.00000000000006	212.00000000000003	3.000000000000001
84.00000000000001	207.00000000000003	81.00000000000001	128.00000000000003
179.00000000000003	108.00000000000001	122.00000000000001	91.00000000000001
>HXA1
1.216216216216216	1.324324324324328	1.324324324324328	4.135135135135136
0.0	0.0	2.91891891891892	5.08108108108108
1.08108108108108	0.0	6.91891891891892	0.0
8.0	0.0	0.0	0.0
0.0	0.0	0.0	8.0
0.0	0.0	6.054054054054056	1.945945945945944
0.0	0.0	8.0	0.0
6.91891891891892	1.08108108108108	0.0	0.0
0.0	0.0	0.0	8.0
0.5135135135135136	0.5135135135135136	6.459459459459464	0.5135135135135136
>NK.1
160.00000000000003	177.00000000000003	123.00000000000001	40.00000000000001
242.00000000000003	83.00000000000001	49.00000000000001	126.00000000000001
393.00000000000006	9.000000000000002	80.00000000000001	18.000000000000004
212.00000000000003	181.00000000000003	96.00000000000001	11.000000000000002
30.000000000000004	369.00000000000006	70.00000000000001	31.000000000000004
91.00000000000001	354.00000000000006	18.000000000000004	37.00000000000001
41.00000000000001	50.00000000000001	17.000000000000004	392.00000000000006
212.00000000000003	42.00000000000001	229.00000000000003	17.000000000000004
6.000000000000001	84.00000000000001	27.000000000000004	383.00000000000006
346.00000000000006	84.00000000000001	24.000000000000004	46.00000000000001
452.00000000000006	32.00000000000001	5.000000000000001	11.000000000000002
3.000000000000001	1.0000000000000002	4.000000000000001	492.00000000000006
2.0000000000000004	64.00000000000001	2.0000000000000004	432.00000000000006
298.00000000000006	14.000000000000002	8.000000000000002	180.00000000000003
>ETS.1
120.00000000000001	125.00000000000001	211.00000000000003	44.00000000000001
169.00000000000003	90.00000000000001	186.00000000000003	55.00000000000001
151.00000000000003	93.00000000000001	232.00000000000003	24.000000000000004
250.00000000000003	31.000000000000004	214.00000000000003	5.000000000000001
38.00000000000001	339.00000000000006	117.00000000000001	6.000000000000001
290.00000000000006	197.00000000000003	9.000000000000002	4.000000000000001
2.0000000000000004	2.0000000000000004	494.00000000000006	2.0000000000000004
3.000000000000001	0.0	497.00000000000006	0.0
487.00000000000006	5.000000000000001	7.000000000000001	1.0000000000000002
416.00000000000006	5.000000000000001	3.000000000000001	76.00000000000001
87.00000000000001	11.000000000000002	400.00000000000006	2.0000000000000004
41.00000000000001	111.00000000000001	32.00000000000001	316.00000000000006
58.00000000000001	63.00000000000001	332.00000000000006	47.00000000000001
82.00000000000001	94.00000000000001	292.00000000000006	32.00000000000001
>HINFP
13.746859666221109	2.762561335115522	16.71859666221121	8.77198233645216
14.02198233645216	16.025122670231053	5.943473991980154	6.0094210013366345
1.9371933244223867	17.05966634179874	20.03140333778879	2.971736995990073
8.012561335115526	15.056526008019844	6.97801766354784	11.952894993316788
10.015701668894417	10.015701668894417	2.971736995990073	18.99685966622111
19.899509319075836	13.053385674240953	7.04396467290432	2.0031403337788793
6.97801766354784	4.974877329768948	24.10363101470306	5.943473991980154
2.971736995990073	39.02826300400994	0.0	0.0
0.0	0.0	42.0	0.0
2.0031403337788793	0.9685966622111933	39.02826300400994	0.0
40.96545632843232	1.034543671567686	0.0	0.0
0.0	39.996859666221106	2.0031403337788793	0.0
0.0	2.971736995990073	35.990578998663366	3.0376840053465695
0.9685966622111933	0.0	0.0	41.031403337788795
8.078508344472006	0.9685966622111933	4.908930320412468	28.04396467290432
16.21781157876646	11.308881258354036	11.242934248997514	3.2303729138819963
>NK.2
95.00000000000001	98.00000000000001	161.00000000000003	146.00000000000003
43.00000000000001	126.00000000000001	49.00000000000001	282.00000000000006
126.00000000000001	54.00000000000001	76.00000000000001	244.00000000000003
380.00000000000006	27.000000000000004	86.00000000000001	7.000000000000001
480.00000000000006	1.0000000000000002	10.000000000000002	9.000000000000002
2.0000000000000004	2.0000000000000004	493.00000000000006	3.000000000000001
44.00000000000001	1.0000000000000002	9.000000000000002	446.00000000000006
85.00000000000001	7.000000000000001	402.00000000000006	6.000000000000001
9.000000000000002	226.00000000000003	133.00000000000003	132.00000000000003
71.00000000000001	128.00000000000003	19.000000000000004	282.00000000000006
78.00000000000001	43.00000000000001	53.00000000000001	326.00000000000006
140.00000000000003	42.00000000000001	148.00000000000003	170.00000000000003
>HNF1.1
201.00000000000003	28.000000000000004	172.00000000000003	99.00000000000001
82.00000000000001	15.000000000000002	367.00000000000006	36.00000000000001
21.000000000000004	28.000000000000004	25.000000000000004	426.00000000000006
49.00000000000001	41.00000000000001	36.00000000000001	374.00000000000006
469.00000000000006	3.000000000000001	20.000000000000004	8.000000000000002
447.00000000000006	29.000000000000004	3.000000000000001	21.000000000000004
38.00000000000001	11.000000000000002	2.0000000000000004	449.00000000000006
197.00000000000003	0.0	303.00000000000006	0.0
372.00000000000006	13.000000000000002	17.000000000000004	98.00000000000001
41.00000000000001	12.000000000000002	55.00000000000001	392.00000000000006
6.000000000000001	17.000000000000004	4.000000000000001	473.00000000000006
355.00000000000006	34.00000000000001	46.00000000000001	65.00000000000001
390.00000000000006	47.00000000000001	39.00000000000001	24.000000000000004
41.00000000000001	350.00000000000006	19.000000000000004	90.00000000000001
123.00000000000001	142.00000000000003	37.00000000000001	198.00000000000003
>CREB.1
10.337882096069874	11.497270742358088	11.497270742358088	0.4186681222707443
0.0	0.0	0.0	33.7510917030568
0.0	0.0	33.7510917030568	0.0
33.7510917030568	0.0	0.0	0.0
0.0	32.720524017467284	1.0305676855895218	0.0
1.0305676855895218	0.0	32.720524017467284	0.0
0.6441048034934519	2.3831877729257678	0.0	30.723799126637605
2.7696506550218376	19.00109170305678	8.88864628820961	3.0917030567685617
25.05567685589524	5.281659388646307	2.125545851528386	1.2882096069869005
6.537663755458525	13.236353711790407	10.015829694323163	3.9612445414847044
>PAX.1
62.00000000000001	16.000000000000004	37.00000000000001	385.00000000000006
11.000000000000002	171.00000000000003	19.000000000000004	299.00000000000006
208.00000000000003	234.00000000000003	25.000000000000004	33.00000000000001
22.000000000000004	283.00000000000006	20.000000000000004	175.00000000000003
143.00000000000003	35.00000000000001	303.00000000000006	19.000000000000004
5.000000000000001	402.00000000000006	83.00000000000001	10.000000000000002
129.00000000000003	68.00000000000001	9.000000000000002	294.00000000000006
14.000000000000002	38.00000000000001	9.000000000000002	439.00000000000006
7.000000000000001	204.00000000000003	284.00000000000006	5.000000000000001
355.00000000000006	8.000000000000002	118.00000000000001	19.000000000000004
73.00000000000001	179.00000000000003	144.00000000000003	104.00000000000001
33.00000000000001	47.00000000000001	16.000000000000004	404.00000000000006
>AHR
40.51343240527031	18.259112547756697	56.41253757072521	38.77363485291994
10.877470982533044	11.870876719950774	34.66312982331297	96.54723985087516
21.7165707818416	43.883079837598544	20.706746561638717	67.6523201955933
2.5465132509466635	1.3171620263517245	145.8637051322628	4.231336967110781
0.0	150.35847450464382	1.4927836298652875	2.1074592421627525
3.441039751299748	0.7902972158110341	149.37613720253387	0.3512432070271259
0.0	3.441039751299748	0.7024864140542533	149.81519121131782
0.0	0.0	153.95871737667187	0.0
43.07922333291745	66.87558226865211	16.159862546986584	27.844049228115868
>C/EBP.1
105.00000000000001	60.00000000000001	171.00000000000003	163.00000000000003
158.00000000000003	111.00000000000001	223.00000000000003	7.000000000000001
2.0000000000000004	3.000000000000001	2.0000000000000004	492.00000000000006
4.000000000000001	1.0000000000000002	149.00000000000003	345.00000000000006
99.00000000000001	1.0000000000000002	275.00000000000006	124.00000000000001
81.00000000000001	76.00000000000001	72.00000000000001	270.00000000000006
2.0000000000000004	0.0	496.00000000000006	1.0000000000000002
81.00000000000001	385.00000000000006	0.0	33.00000000000001
491.00000000000006	8.000000000000002	0.0	0.0
496.00000000000006	0.0	2.0000000000000004	1.0000000000000002
5.000000000000001	149.00000000000003	95.00000000000001	250.00000000000003
>ZBT7A
120.00000000000001	113.00000000000001	214.00000000000003	53.00000000000001
191.00000000000003	3.000000000000001	303.00000000000006	3.000000000000001
10.000000000000002	0.0	468.00000000000006	22.000000000000004
1.0000000000000002	0.0	499.00000000000006	0.0
3.000000000000001	1.0000000000000002	495.00000000000006	1.0000000000000002
6.000000000000001	0.0	202.00000000000003	292.00000000000006
1.0000000000000002	494.00000000000006	1.0000000000000002	4.000000000000001
10.000000000000002	87.00000000000001	167.00000000000003	236.00000000000003
5.000000000000001	249.00000000000003	116.00000000000001	130.00000000000003
>DMRT.1
102.00000000000001	116.00000000000001	59.00000000000001	223.00000000000003
156.00000000000003	21.000000000000004	136.00000000000003	187.00000000000003
31.000000000000004	23.000000000000004	432.00000000000006	14.000000000000002
194.00000000000003	168.00000000000003	23.000000000000004	115.00000000000001
180.00000000000003	51.00000000000001	37.00000000000001	232.00000000000003
479.00000000000006	7.000000000000001	5.000000000000001	9.000000000000002
20.000000000000004	467.00000000000006	5.000000000000001	8.000000000000002
439.00000000000006	3.000000000000001	1.0000000000000002	57.00000000000001
381.00000000000006	119.00000000000001	0.0	0.0
162.00000000000003	3.000000000000001	8.000000000000002	327.00000000000006
5.000000000000001	10.000000000000002	484.00000000000006	1.0000000000000002
15.000000000000002	2.0000000000000004	4.000000000000001	479.00000000000006
250.00000000000003	21.000000000000004	56.00000000000001	173.00000000000003
130.00000000000003	13.000000000000002	200.00000000000003	157.00000000000003
6.000000000000001	458.00000000000006	13.000000000000002	23.000000000000004
233.00000000000003	119.00000000000001	17.000000000000004	131.00000000000003
239.00000000000003	87.00000000000001	97.00000000000001	77.00000000000001
>P53.1
146.00000000000003	37.00000000000001	209.00000000000003	108.00000000000001
205.00000000000003	8.000000000000002	242.00000000000003	45.00000000000001
0.0	492.00000000000006	2.0000000000000004	6.000000000000001
379.00000000000006	45.00000000000001	48.00000000000001	28.000000000000004
186.00000000000003	7.000000000000001	77.00000000000001	230.00000000000003
1.0000000000000002	1.0000000000000002	497.00000000000006	1.0000000000000002
41.00000000000001	225.00000000000003	5.000000000000001	229.00000000000003
67.00000000000001	264.00000000000006	54.00000000000001	115.00000000000001
10.000000000000002	394.00000000000006	71.00000000000001	25.000000000000004
279.00000000000006	92.00000000000001	19.000000000000004	110.00000000000001
101.00000000000001	21.000000000000004	322.00000000000006	56.00000000000001
208.00000000000003	3.000000000000001	240.00000000000003	49.00000000000001
1.0000000000000002	497.00000000000006	2.0000000000000004	0.0
263.00000000000006	86.00000000000001	7.000000000000001	144.00000000000003
46.00000000000001	48.00000000000001	64.00000000000001	342.00000000000006
11.000000000000002	5.000000000000001	481.00000000000006	3.000000000000001
30.000000000000004	260.00000000000006	11.000000000000002	199.00000000000003
105.00000000000001	216.00000000000003	45.00000000000001	134.00000000000003
67.00000000000001	200.00000000000003	100.00000000000001	133.00000000000003
>NFAC.1
22.03490921714918	4.8456159396055325	12.489931954434981	46.595304523428695
0.0	0.0	85.9657616346184	0.0
0.0	0.0	85.9657616346184	0.0
85.9657616346184	0.0	0.0	0.0
83.59585340214757	0.0	2.369908232470826	0.0
81.83771747469473	1.4388728554287176	2.689171304494991	0.0
68.3993195443499	4.993735204134965	5.247653943328261	7.3250529428053
25.54931642402237	11.453097102729	8.490711812140471	40.4726362957265
13.742095051533818	20.21329360489793	14.711720922376418	37.29865205581024
>STAT6
34.00000000000001	142.00000000000003	65.00000000000001	166.00000000000003
9.000000000000002	12.000000000000002	3.000000000000001	383.00000000000006
7.000000000000001	7.000000000000001	2.0000000000000004	391.00000000000006
20.000000000000004	355.00000000000006	3.000000000000001	29.000000000000004
50.00000000000001	267.00000000000006	4.000000000000001	86.00000000000001
135.00000000000003	89.00000000000001	25.000000000000004	158.00000000000003
102.00000000000001	126.00000000000001	149.00000000000003	30.000000000000004
237.00000000000003	13.000000000000002	81.00000000000001	76.00000000000001
7.000000000000001	11.000000000000002	369.00000000000006	20.000000000000004
392.00000000000006	6.000000000000001	1.0000000000000002	8.000000000000002
374.00000000000006	20.000000000000004	11.000000000000002	2.0000000000000004
118.00000000000001	168.00000000000003	73.00000000000001	48.00000000000001
88.00000000000001	105.00000000000001	25.000000000000004	189.00000000000003
72.00000000000001	131.00000000000003	160.00000000000003	44.00000000000001
>PRD14
194.00000000000003	87.00000000000001	138.00000000000003	81.00000000000001
163.00000000000003	43.00000000000001	209.00000000000003	85.00000000000001
147.00000000000003	17.000000000000004	195.00000000000003	141.00000000000003
43.00000000000001	83.00000000000001	350.00000000000006	24.000000000000004
67.00000000000001	25.000000000000004	113.00000000000001	295.00000000000006
25.000000000000004	12.000000000000002	29.000000000000004	434.00000000000006
482.00000000000006	1.0000000000000002	10.000000000000002	7.000000000000001
39.00000000000001	28.000000000000004	433.00000000000006	0.0
361.00000000000006	7.000000000000001	106.00000000000001	26.000000000000004
42.00000000000001	11.000000000000002	429.00000000000006	18.000000000000004
270.00000000000006	166.00000000000003	26.000000000000004	38.00000000000001
110.00000000000001	341.00000000000006	17.000000000000004	32.00000000000001
18.000000000000004	399.00000000000006	40.00000000000001	43.00000000000001
51.00000000000001	203.00000000000003	29.000000000000004	217.00000000000003
101.00000000000001	57.00000000000001	132.00000000000003	210.00000000000003
80.00000000000001	103.00000000000001	230.00000000000003	87.00000000000001
>NR.2
9.380281690140833	3.6478873239436624	5.628169014084512	10.526760563380291
8.75492957746479	1.8760563380281694	11.67323943661972	6.878873239436628
12.6112676056338	3.960563380281699	11.569014084507032	1.0422535211267603
7.7126760563380214	0.0	19.385915492957743	2.0845070422535206
1.9802816901408464	5.940845070422548	16.36338028169015	4.89859154929578
0.0	0.9380281690140834	1.8760563380281694	26.36901408450703
0.0	17.718309859154928	1.8760563380281694	9.588732394366211
20.636619718309856	8.546478873239442	0.0	0.0
17.50985915492958	2.8140845070422533	4.794366197183091	4.064788732394359
8.75492957746479	6.045070422535208	8.546478873239442	5.83661971830986
9.692957746478871	6.878873239436628	6.77464788732394	5.83661971830986
17.40563380281689	1.9802816901408464	9.79718309859156	0.0
27.09859154929576	0.0	2.0845070422535206	0.0
0.0	0.0	29.1830985915493	0.0
0.0	2.0845070422535206	8.859154929577478	18.23943661971831
2.8140845070422533	1.8760563380281694	1.0422535211267603	23.4507042253521
0.0	22.19999999999998	3.960563380281699	3.0225352112676185
26.26478873239437	0.9380281690140834	1.9802816901408464	0.0
3.804225352112681	6.618309859154922	10.370422535211272	8.390140845070423
>NFI.1
33.86721125369617	49.8441744727729	25.19463142453828	124.09398284899267
7.810959795993017	7.100872541811832	16.129124773544007	201.95904288865188
10.65130881271776	2.028820726231953	204.5965098327535	15.723360628297629
15.317596483051227	6.897990469188642	199.22013490823866	11.564278139522134
25.86746425945732	167.87485468795472	26.78043358626172	12.477247466326508
96.74310062734916	58.25062877548366	28.5296626871532	49.47660791001422
50.05989386880585	76.27988665341896	48.2333264397134	58.42689303806155
85.63062638443886	0.4226709846316574	146.69310004015108	0.2536025907789935
53.66042188238378	50.820072865659036	80.23545829408754	48.28404695786917
70.49963391010914	30.481773860667538	23.686481978758106	108.33211025046546
17.57465954098429	16.154485032621917	171.60281277240597	27.66804265398823
13.897421974688879	189.27891334970207	14.658229747025862	15.165434928583835
13.288775756819287	195.46681656470952	13.390216793130882	10.854190885340948
181.5186740718647	14.91183233780485	16.382727364323017	20.186766226007933
102.67865880254483	20.921584963783275	82.69603220012739	26.7037240335444
>E2F.1
1.611570247933884	4.785123966942145	3.9917355371900882	1.611570247933884
0.0	1.289256198347112	10.710743801652887	0.0
0.0	12.0	0.0	0.0
0.0	0.0	12.0	0.0
0.0	10.214876033057845	1.7851239669421441	0.0
0.0	6.396694214876028	5.603305785123972	0.0
12.0	0.0	0.0	0.0
12.0	0.0	0.0	0.0
12.0	0.0	0.0	0.0
3.19834710743802	4.785123966942145	1.611570247933884	2.404958677685952
>bHLH-ZIP.1
94.7318245633819	8.776833223046683	116.08553208435508	39.379774331508294
73.28785123345386	0.0	185.68611296883813	0.0
0.0	0.0	0.0	258.973964202292
0.0	258.973964202292	0.0	0.0
258.973964202292	0.0	0.0	0.0
0.0	258.973964202292	0.0	0.0
0.0	0.0	258.973964202292	0.0
0.0	0.0	0.0	258.973964202292
2.255587950628214	2.255587950628214	252.2072003504074	2.255587950628214
>SRBP.1
428.3770395165438	462.08950007886995	989.4966909330816	289.74069761693215
502.4408127799208	461.55268695007436	1167.9322513895258	37.778177025907894
46.24003223664283	120.64705819466127	54.011334135945845	1948.8055035781845
143.26317770101758	538.7826297905195	1374.385983189698	113.2721374641934
605.5692845488504	6.846823705460277	1440.0520394603623	117.23578043075779
145.80191017633007	591.3277167674623	1242.8380957308752	189.73620547076186
84.1989510431087	681.6678805386231	1397.5475724621726	6.289524101527463
212.66741853627218	176.74818563353213	108.07784560158429	1672.2104783740415
6.858197166765027	51.513786202880816	2096.53322951597	14.798715259816918
1719.6468869973107	60.749493158851976	113.33530830152851	275.972239687739
73.0363254157739	505.38904448986347	932.9298766790175	658.3486815607741
>C/EBP.2
177.00000000000003	36.00000000000001	207.00000000000003	80.00000000000001
102.00000000000001	101.00000000000001	196.00000000000003	101.00000000000001
278.00000000000006	147.00000000000003	75.00000000000001	0.0
0.0	4.000000000000001	0.0	496.00000000000006
0.0	4.000000000000001	492.00000000000006	4.000000000000001
491.00000000000006	4.000000000000001	2.0000000000000004	3.000000000000001
2.0000000000000004	25.000000000000004	1.0000000000000002	472.00000000000006
0.0	0.0	500.00000000000006	0.0
47.00000000000001	411.00000000000006	0.0	42.00000000000001
497.00000000000006	2.0000000000000004	1.0000000000000002	0.0
499.00000000000006	0.0	1.0000000000000002	0.0
14.000000000000002	156.00000000000003	51.00000000000001	279.00000000000006
>Tal.1
267.00000000000006	21.000000000000004	189.00000000000003	23.000000000000004
162.00000000000003	77.00000000000001	261.00000000000006	0.0
1.0000000000000002	498.00000000000006	1.0000000000000002	0.0
499.00000000000006	0.0	0.0	1.0000000000000002
0.0	4.000000000000001	487.00000000000006	9.000000000000002
293.00000000000006	190.00000000000003	17.000000000000004	0.0
9.000000000000002	3.000000000000001	1.0000000000000002	487.00000000000006
1.0000000000000002	0.0	495.00000000000006	4.000000000000001
16.000000000000004	55.00000000000001	361.00000000000006	68.00000000000001
>ARI5B
3.2500000000000053	1.2499999999999996	5.25	5.25
1.999999999999995	4.000000000000005	6.0	3.0
0.0	4.000000000000005	3.0	8.00000000000001
0.0	1.999999999999995	4.999999999999995	8.00000000000001
4.999999999999995	1.0000000000000004	4.999999999999995	4.000000000000005
3.0	1.0000000000000004	10.000000000000004	1.0000000000000004
0.0	0.0	0.0	15.0
13.000000000000005	0.0	1.999999999999995	0.0
0.0	1.999999999999995	0.0	13.000000000000005
0.0	1.0000000000000004	1.0000000000000004	13.000000000000005
1.999999999999995	4.000000000000005	7.999999999999995	1.0000000000000004
1.999999999999995	1.0000000000000004	4.000000000000005	8.00000000000001
3.75	1.750000000000005	6.75	2.7499999999999947
>MyoD/ASC.1
0.0	7.0	0.0	0.0
7.0	0.0	0.0	0.0
0.0	3.048387096774194	3.951612903225806	0.0
0.0	7.0	0.0	0.0
0.0	0.0	0.0	7.0
0.0	0.0	7.0	0.0
0.22580645161290297	5.306451612903224	0.22580645161290297	1.24193548387097
>Paired-related-HD.2
10.249999999999996	18.249999999999993	4.249999999999997	26.249999999999993
0.0	0.0	0.0	59.0
59.0	0.0	0.0	0.0
57.99999999999999	0.0	1.000000000000001	0.0
1.000000000000001	1.000000000000001	0.0	56.999999999999986
0.0	2.9999999999999973	2.9999999999999973	53.000000000000014
27.000000000000014	1.000000000000001	29.00000000000003	2.000000000000002
>RFX.1
9.000000000000002	203.00000000000003	77.00000000000001	61.00000000000001
16.000000000000004	97.00000000000001	170.00000000000003	67.00000000000001
0.0	0.0	350.00000000000006	0.0
0.0	13.000000000000002	1.0000000000000002	336.00000000000006
6.000000000000001	24.000000000000004	1.0000000000000002	319.00000000000006
16.000000000000004	5.000000000000001	310.00000000000006	19.000000000000004
0.0	322.00000000000006	1.0000000000000002	27.000000000000004
0.0	293.00000000000006	0.0	57.00000000000001
273.00000000000006	9.000000000000002	23.000000000000004	45.00000000000001
44.00000000000001	7.000000000000001	51.00000000000001	248.00000000000003
20.000000000000004	0.0	330.00000000000006	0.0
33.00000000000001	2.0000000000000004	315.00000000000006	0.0
79.00000000000001	147.00000000000003	63.00000000000001	61.00000000000001
177.00000000000003	12.000000000000002	150.00000000000003	11.000000000000002
294.00000000000006	27.000000000000004	24.000000000000004	5.000000000000001
10.000000000000002	299.00000000000006	5.000000000000001	36.00000000000001
>TBX.1
131.00000000000003	38.00000000000001	251.00000000000003	80.00000000000001
109.00000000000001	90.00000000000001	209.00000000000003	92.0
269.00000000000006	29.000000000000004	112.0	90.00000000000001
103.00000000000001	7.000000000000001	282.00000000000006	108.0
8.000000000000002	122.00000000000001	369.0	1.0000000000000002
9.000000000000002	3.000000000000001	0.0	488.0
0.0	2.0000000000000004	471.0	27.000000000000004
137.00000000000003	24.000000000000004	71.00000000000001	268.0
15.000000000000002	115.00000000000001	323.0	47.00000000000001
303.00000000000006	10.000000000000002	90.00000000000001	97.00000000000001
168.00000000000003	69.00000000000001	193.00000000000003	70.00000000000001
168.00000000000003	61.00000000000001	111.00000000000001	160.0
>NR2/RXR.1
8.073440184805012	52.97065680676717	7.155529672837523	14.965909233801808
57.04273940760701	8.970489094227773	8.094301787349732	9.058005609026903
54.61872340779969	4.172320508943161	17.615332756980674	6.759159224487918
66.83955239438286	0.0	16.325983503828635	0.0
0.7510176916097688	0.0	82.41451820660176	0.0
0.0	0.0	63.32259285300975	19.842943045201743
0.7510176916097688	7.138738174913087	2.336499485008167	72.93928054668046
0.834464101788634	75.60956567240407	0.7510176916097688	5.970488432409007
70.6195725595967	7.0802234718992265	3.7759500605935643	1.6897898061219796
>HTH.1
87.0	10.0	38.0	268.0
24.0	0.0	343.0	36.0
18.0	17.0	362.0	6.0
305.0	75.0	10.0	13.0
204.0	92.0	75.0	32.0
32.0	37.0	69.0	265.0
81.0	114.0	127.0	81.0
61.0	71.0	257.0	14.0
289.0	18.0	74.0	22.0
313.0	20.0	25.0	45.0
23.0	8.0	53.0	319.0
21.0	7.0	365.0	10.0
16.0	55.0	321.0	11.0
336.0	35.0	11.0	21.0
270.0	14.0	103.0	16.0
>OCT/SOX.1
35.00000000000001	92.00000000000001	146.00000000000003	226.00000000000003
28.000000000000004	281.00000000000006	71.00000000000001	119.00000000000001
25.000000000000004	272.00000000000006	8.000000000000002	194.00000000000003
219.00000000000003	6.000000000000001	4.000000000000001	270.00000000000006
1.0000000000000002	11.000000000000002	5.000000000000001	482.00000000000006
7.000000000000001	1.0000000000000002	2.0000000000000004	489.00000000000006
39.00000000000001	76.00000000000001	372.00000000000006	12.000000000000002
52.00000000000001	1.0000000000000002	12.000000000000002	434.00000000000006
113.00000000000001	124.00000000000001	78.00000000000001	184.00000000000003
340.00000000000006	39.00000000000001	33.00000000000001	87.00000000000001
36.00000000000001	5.000000000000001	19.000000000000004	439.00000000000006
19.000000000000004	29.000000000000004	375.00000000000006	76.00000000000001
24.000000000000004	317.00000000000006	59.00000000000001	99.00000000000001
279.00000000000006	51.00000000000001	17.000000000000004	152.00000000000003
277.00000000000006	47.00000000000001	72.00000000000001	103.00000000000001
386.00000000000006	19.000000000000004	38.00000000000001	56.00000000000001
>E2F.2
412.42094645162337	313.572548752632	552.5283038649173	585.4530962704173
376.13240900122037	119.75790134565906	858.4765685302847	509.6080164624256
275.34930148375724	219.980961284091	1341.1068385437002	27.53779402804133
47.37175175588746	52.64447242892481	1752.3408659783993	11.617805176378402
215.9810760179416	1598.6619010391512	4.16217178052669	45.169746501969726
107.88234699938566	53.93640036691704	1657.431893863728	44.72425410955855
15.996358976076202	120.92572783147958	1712.030168642227	15.02263988980619
19.165719139229644	18.048806069684545	1807.4737316277906	19.28663850288406
1506.370335470995	5.874135402792257	348.004198812134	3.7262256536672367
1086.347379551729	97.17461913893277	669.1437540587203	11.30914259020784
484.1865887805356	318.3870486791885	967.685568959153	93.71568892071214
347.27723032704864	415.1352679568138	900.8457996548988	200.71659740082683
>ZFP57
28.0	114.0	38.0	46.0
15.0	42.0	31.0	138.0
2.0	1.0	220.0	3.0
11.0	205.0	2.0	8.0
1.0	0.0	216.0	9.0
0.0	1.0	224.0	1.0
1.0	224.0	1.0	0.0
206.0	16.0	1.0	3.0
113.0	31.0	59.0	23.0
86.0	40.0	63.0	37.0
>MYB.1
176.00000000000003	99.00000000000001	166.00000000000003	59.00000000000001
48.00000000000001	94.00000000000001	293.00000000000006	65.00000000000001
75.00000000000001	126.00000000000001	79.00000000000001	220.00000000000003
67.00000000000001	17.000000000000004	396.00000000000006	20.000000000000004
81.00000000000001	8.000000000000002	383.00000000000006	28.000000000000004
6.000000000000001	485.00000000000006	7.000000000000001	2.0000000000000004
216.00000000000003	137.00000000000003	142.00000000000003	5.000000000000001
0.0	2.0000000000000004	495.00000000000006	3.000000000000001
0.0	6.000000000000001	2.0000000000000004	492.00000000000006
1.0000000000000002	1.0000000000000002	2.0000000000000004	496.00000000000006
168.00000000000003	16.000000000000004	269.00000000000006	47.00000000000001
92.00000000000001	159.00000000000003	229.00000000000003	20.000000000000004
186.00000000000003	112.00000000000001	127.00000000000001	75.00000000000001
104.00000000000001	91.00000000000001	261.00000000000006	44.00000000000001
169.00000000000003	107.00000000000001	165.00000000000003	59.00000000000001
>TEAD.1
303.00000000000006	0.0	179.00000000000003	18.000000000000004
108.00000000000001	369.00000000000006	15.000000000000002	8.000000000000002
494.00000000000006	3.000000000000001	3.000000000000001	0.0
0.0	2.0000000000000004	1.0000000000000002	497.00000000000006
41.00000000000001	1.0000000000000002	11.000000000000002	447.00000000000006
0.0	493.00000000000006	7.000000000000001	0.0
3.000000000000001	474.00000000000006	1.0000000000000002	22.000000000000004
287.00000000000006	24.000000000000004	32.00000000000001	157.00000000000003
77.00000000000001	53.00000000000001	318.00000000000006	52.00000000000001
21.000000000000004	154.00000000000003	305.00000000000006	20.000000000000004
113.00000000000001	168.00000000000003	170.00000000000003	49.00000000000001
>OVOL1
0.0	1.0000000000000009	2.0000000000000018	3.9999999999999964
1.0000000000000009	0.0	5.999999999999999	0.0
0.0	0.0	1.0000000000000009	5.999999999999999
7.0	0.0	0.0	0.0
5.999999999999999	1.0000000000000009	0.0	0.0
1.0000000000000009	5.999999999999999	0.0	0.0
1.0000000000000009	0.0	2.0000000000000018	3.9999999999999964
1.0000000000000009	0.0	5.999999999999999	0.0
2.0000000000000018	0.0	0.0	4.999999999999998
>REST
55.00000000000001	39.00000000000001	104.00000000000001	180.00000000000003
11.000000000000002	74.00000000000001	33.00000000000001	260.00000000000006
20.000000000000004	315.00000000000006	10.000000000000002	33.00000000000001
331.00000000000006	7.000000000000001	36.00000000000001	4.000000000000001
7.000000000000001	26.000000000000004	337.00000000000006	8.000000000000002
21.000000000000004	233.00000000000003	74.00000000000001	50.00000000000001
372.00000000000006	1.0000000000000002	4.000000000000001	1.0000000000000002
0.0	375.00000000000006	1.0000000000000002	2.0000000000000004
1.0000000000000002	356.00000000000006	5.000000000000001	16.000000000000004
219.00000000000003	36.00000000000001	57.00000000000001	66.00000000000001
58.00000000000001	109.00000000000001	16.000000000000004	195.00000000000003
2.0000000000000004	0.0	376.00000000000006	0.0
1.0000000000000002	0.0	377.00000000000006	0.0
357.00000000000006	15.000000000000002	2.0000000000000004	4.000000000000001
1.0000000000000002	334.00000000000006	37.00000000000001	6.000000000000001
374.00000000000006	1.0000000000000002	2.0000000000000004	1.0000000000000002
5.000000000000001	0.0	373.00000000000006	0.0
46.00000000000001	277.00000000000006	26.000000000000004	29.000000000000004
79.00000000000001	7.000000000000001	178.00000000000003	114.00000000000001
61.00000000000001	232.00000000000003	64.00000000000001	21.000000000000004
40.00000000000001	294.00000000000006	12.000000000000002	32.00000000000001
111.00000000000001	166.00000000000003	36.00000000000001	65.00000000000001
>MTF1
15.421548117154835	12.053347280334753	3.873430962343097	3.6809623430962524
4.715481171548134	2.309623430962344	28.004184100418456	0.0
3.271966527196655	0.9623430962343115	13.28033472803348	17.51464435146445
7.506276150627611	5.966527196652714	20.882845188284534	0.6736401673640163
7.602510460251052	18.958158995815907	1.5397489539748983	6.9288702928870425
2.9832635983263636	29.640167364016758	0.8661087866108785	1.5397489539748983
0.0	0.0	35.0292887029289	0.0
3.368200836820088	0.8661087866108785	4.523012552301255	26.271966527196675
0.0	0.9623430962343115	34.06694560669461	0.0
0.0	11.451882845188297	0.0	23.577405857740604
0.0	0.0	35.0292887029289	0.0
0.0	34.16317991631805	0.0	0.8661087866108785
35.0292887029289	0.0	0.0	0.0
18.669456066945624	4.33054393305441	6.255230125523033	5.774058577405869
22.133891213389145	9.527196652719676	1.8284518828451901	1.5397489539748983
14.338912133891215	3.656903765690366	10.297071129707124	6.736401673640163
4.186192468619268	15.25313807531384	10.92259414225943	4.667364016736397
>ZF.3
30.0	2.0	60.0	11.0
6.0	8.0	78.0	11.0
8.0	64.0	17.0	14.0
2.0	22.0	2.0	77.0
1.0	4.0	87.0	11.0
5.0	35.0	10.0	53.0
1.0	94.0	3.0	5.0
1.0	60.0	2.0	40.0
20.0	19.0	30.0	34.0
15.0	36.0	23.0	29.0
28.0	22.0	36.0	17.0
11.0	28.0	51.0	13.0
24.0	56.0	6.0	17.0
19.0	8.0	49.0	27.0
28.0	46.0	16.0	13.0
3.0	14.0	0.0	86.0
2.0	4.0	84.0	13.0
2.0	90.0	1.0	10.0
4.0	95.0	0.0	4.0
4.0	5.0	5.0	89.0
10.0	11.0	72.0	10.0
49.0	16.0	4.0	34.0
>IRF.1
142.00000000000003	89.00000000000001	183.00000000000003	84.00000000000001
306.00000000000006	48.00000000000001	107.00000000000001	37.00000000000001
355.00000000000006	36.00000000000001	54.00000000000001	53.00000000000001
376.00000000000006	28.000000000000004	39.00000000000001	55.00000000000001
141.00000000000003	99.00000000000001	192.00000000000003	66.00000000000001
129.00000000000003	111.00000000000001	63.00000000000001	195.00000000000003
84.00000000000001	12.000000000000002	398.00000000000006	4.000000000000001
487.00000000000006	0.0	10.000000000000002	1.0000000000000002
495.00000000000006	1.0000000000000002	2.0000000000000004	0.0
484.00000000000006	0.0	8.000000000000002	6.000000000000001
65.00000000000001	131.00000000000003	294.00000000000006	8.000000000000002
44.00000000000001	109.00000000000001	4.000000000000001	341.00000000000006
27.000000000000004	5.000000000000001	459.00000000000006	7.000000000000001
470.00000000000006	5.000000000000001	23.000000000000004	0.0
492.00000000000006	0.0	6.000000000000001	0.0
487.00000000000006	0.0	6.000000000000001	5.000000000000001
3.000000000000001	188.00000000000003	290.00000000000006	17.000000000000004
49.00000000000001	131.00000000000003	32.00000000000001	286.00000000000006
201.00000000000003	64.00000000000001	191.00000000000003	42.00000000000001
182.00000000000003	104.00000000000001	154.00000000000003	58.00000000000001
>BATF.1
86.00000000000001	177.00000000000003	103.00000000000001	134.00000000000003
242.00000000000003	28.000000000000004	122.00000000000001	108.00000000000001
15.000000000000002	195.00000000000003	251.00000000000003	39.00000000000001
15.000000000000002	8.000000000000002	7.000000000000001	470.00000000000006
23.000000000000004	32.00000000000001	4.000000000000001	441.00000000000006
21.000000000000004	80.00000000000001	21.000000000000004	378.00000000000006
9.000000000000002	428.00000000000006	10.000000000000002	53.00000000000001
251.00000000000003	89.00000000000001	60.00000000000001	100.00000000000001
105.00000000000001	91.00000000000001	109.00000000000001	195.00000000000003
115.00000000000001	21.000000000000004	32.00000000000001	332.00000000000006
241.00000000000003	99.00000000000001	28.000000000000004	132.00000000000003
4.000000000000001	0.0	5.000000000000001	491.00000000000006
6.000000000000001	12.000000000000002	405.00000000000006	77.00000000000001
432.00000000000006	3.000000000000001	21.000000000000004	44.00000000000001
50.00000000000001	231.00000000000003	159.00000000000003	60.00000000000001
126.00000000000001	60.00000000000001	73.00000000000001	241.00000000000003
121.00000000000001	193.00000000000003	93.00000000000001	93.00000000000001
>SIX.1
95.00000000000001	5.000000000000001	99.00000000000001	301.00000000000006
4.000000000000001	1.0000000000000002	491.00000000000006	4.000000000000001
284.00000000000006	35.00000000000001	20.000000000000004	161.00000000000003
434.00000000000006	38.00000000000001	8.000000000000002	20.000000000000004
497.00000000000006	2.0000000000000004	1.0000000000000002	0.0
27.000000000000004	240.00000000000003	31.000000000000004	202.00000000000003
123.00000000000001	201.00000000000003	42.00000000000001	134.00000000000003
61.00000000000001	87.00000000000001	51.00000000000001	301.00000000000006
110.00000000000001	17.000000000000004	348.00000000000006	25.000000000000004
497.00000000000006	2.0000000000000004	1.0000000000000002	0.0
43.00000000000001	78.00000000000001	186.00000000000003	193.00000000000003
233.00000000000003	217.00000000000003	16.000000000000004	34.00000000000001
70.00000000000001	295.00000000000006	30.000000000000004	105.00000000000001
59.00000000000001	192.00000000000003	101.00000000000001	148.00000000000003
>THAP.1
78.00000000000001	27.000000000000004	232.00000000000003	126.00000000000001
14.000000000000002	12.000000000000002	421.00000000000006	16.000000000000004
42.00000000000001	296.00000000000006	97.00000000000001	28.000000000000004
210.00000000000003	181.00000000000003	25.000000000000004	47.00000000000001
13.000000000000002	95.00000000000001	33.00000000000001	322.00000000000006
20.000000000000004	96.00000000000001	204.00000000000003	143.00000000000003
55.00000000000001	335.00000000000006	36.00000000000001	37.00000000000001
5.000000000000001	77.00000000000001	11.000000000000002	370.00000000000006
6.000000000000001	3.000000000000001	454.00000000000006	0.0
2.0000000000000004	2.0000000000000004	454.00000000000006	5.000000000000001
13.000000000000002	1.0000000000000002	443.00000000000006	6.000000000000001
407.00000000000006	14.000000000000002	27.000000000000004	15.000000000000002
223.00000000000003	45.00000000000001	153.00000000000003	42.00000000000001
173.00000000000003	41.00000000000001	50.00000000000001	199.00000000000003
14.000000000000002	43.00000000000001	24.000000000000004	382.00000000000006
10.000000000000002	5.000000000000001	447.00000000000006	1.0000000000000002
29.000000000000004	20.000000000000004	35.00000000000001	379.00000000000006
421.00000000000006	3.000000000000001	35.00000000000001	4.000000000000001
5.000000000000001	6.000000000000001	446.00000000000006	6.000000000000001
3.000000000000001	12.000000000000002	17.000000000000004	431.00000000000006
10.000000000000002	225.00000000000003	19.000000000000004	209.00000000000003
18.000000000000004	263.00000000000006	25.000000000000004	157.00000000000003
>CCAAT.1
23.81388406910516	72.18583608447521	14.139493666031228	46.13940038389133
20.837148560467014	4.465103262957233	11.162758157393066	119.81360422268585
5.209287140116761	68.46491669867748	37.95337773513646	44.65103262957233
0.0	3.720919385797689	0.0	152.55769481770577
0.0	16.372045297509874	139.9065689059936	0.0
156.278614203503	0.0	0.0	0.0
0.0	0.0	0.0	156.278614203503
0.0	0.0	0.0	156.278614203503
0.0	0.0	154.79024644918445	1.4883677543190754
0.0	0.0	156.278614203503	0.0
6.697654894435849	74.41838771595378	0.0	75.16257159311336
0.0	76.65093934743251	2.976735508638145	76.65093934743251
>INSM1
1.5290387354983412	0.0	5.420559663604397	16.81942609048178
0.0	0.0	17.66655654289063	6.1024679466938725
0.0	3.726298758786656	2.892855301677297	17.149870429120547
8.327101960581182	14.760014245913842	0.0	0.6819082830894756
23.087116206495022	0.0	0.0	0.6819082830894756
0.0	0.0	23.7690244895845	0.0
0.0	0.0	23.7690244895845	0.0
0.0	0.0	23.7690244895845	0.0
0.0	0.0	23.7690244895845	0.0
0.0	1.3638165661789512	21.72329964031607	0.6819082830894756
1.3638165661789512	22.40520792340555	0.0	0.0
14.760014245913842	0.0	9.009010243670657	0.0
>LIM.1
113.00000000000001	117.00000000000001	162.00000000000003	106.00000000000001
34.00000000000001	275.00000000000006	65.00000000000001	124.00000000000001
121.00000000000001	3.000000000000001	3.000000000000001	371.00000000000006
315.00000000000006	1.0000000000000002	180.00000000000003	2.0000000000000004
448.00000000000006	33.00000000000001	10.000000000000002	7.000000000000001
10.000000000000002	1.0000000000000002	55.00000000000001	432.00000000000006
6.000000000000001	0.0	215.00000000000003	277.00000000000006
242.00000000000003	22.000000000000004	224.00000000000003	10.000000000000002
221.00000000000003	150.00000000000003	117.00000000000001	10.000000000000002
>FOX.1
11.000000000000002	1.0000000000000002	2.0000000000000004	486.00000000000006
38.00000000000001	2.0000000000000004	455.00000000000006	5.000000000000001
0.0	1.0000000000000002	0.0	499.00000000000006
1.0000000000000002	2.0000000000000004	10.000000000000002	487.00000000000006
2.0000000000000004	3.000000000000001	54.00000000000001	441.00000000000006
385.00000000000006	38.00000000000001	7.000000000000001	70.00000000000001
3.000000000000001	279.00000000000006	29.000000000000004	189.00000000000003
272.00000000000006	55.00000000000001	41.00000000000001	132.00000000000003
88.00000000000001	71.00000000000001	40.00000000000001	301.00000000000006
98.00000000000001	38.00000000000001	23.000000000000004	341.00000000000006
127.00000000000001	92.00000000000001	62.00000000000001	219.00000000000003
>XBP1
0.0	0.0	1538.3669127886028	38.259647446761534
1576.6265602353637	0.0	0.0	0.0
0.0	1576.6265602353637	0.0	0.0
0.0	0.0	1576.6265602353637	0.0
0.0	0.0	0.0	1576.6265602353637
0.4896134786713992	0.0	1573.9867402747814	2.1502064819118103
0.0	0.0	686.259994031925	890.3665662034405
256.1216768403724	1192.5649281216274	33.46463236682284	94.47532290654146
710.9478924383753	480.8465221096055	184.85883690405615	199.97330878333156
364.63014797037414	346.1143168455303	126.73558439515962	739.1465110243055
530.5215185692169	49.13295360409314	35.41431415605539	961.557773906001
609.5222791026084	176.0181094972435	240.47584660749803	550.6103250280203
>NR2/RXR.2
986.3903278441641	173.56555352353388	797.8012365778917	100.24288205441157
408.3861128169609	88.37010054861454	1413.888806765867	147.354979868556
200.30494670007917	246.37180676621526	1441.7900959043068	169.5331506293981
208.8458906143714	213.68803543876282	460.5668620893189	1174.8992118575457
253.69119252046104	1324.4287886815346	334.9013438634773	144.97867493452486
1669.8175881073594	104.68868597305163	264.68067412181773	18.813051797769013
1168.8116232202897	121.66431768328778	742.5020117473013	25.022047349123238
1764.4793984390683	8.364037651496588	218.6521717163304	66.50439219310081
99.2921792292206	27.116760268282505	1828.7587649331876	102.83229556930878
62.10527207123954	83.42685221754776	1675.8946097615822	236.5732659496289
127.53946559696226	219.9864874377265	442.5603089331385	1267.9137380321727
290.4631204176065	1481.2834884105234	206.81442257599113	79.43896859587687
1631.0632856380485	66.8645364647134	251.83147594707594	108.24070195016071
>HAND1
121.00000000000001	57.00000000000001	220.00000000000003	102.00000000000001
77.00000000000001	66.00000000000001	248.00000000000003	109.00000000000001
68.00000000000001	133.00000000000003	226.00000000000003	73.00000000000001
19.000000000000004	201.00000000000003	26.000000000000004	254.00000000000003
12.000000000000002	474.00000000000006	3.000000000000001	11.000000000000002
8.000000000000002	0.0	0.0	492.00000000000006
1.0000000000000002	1.0000000000000002	494.00000000000006	4.000000000000001
1.0000000000000002	112.00000000000001	307.00000000000006	80.00000000000001
91.00000000000001	152.00000000000003	63.00000000000001	194.00000000000003
96.00000000000001	126.00000000000001	47.00000000000001	231.00000000000003
168.00000000000003	51.00000000000001	14.000000000000002	267.00000000000006
89.00000000000001	111.00000000000001	146.00000000000003	154.00000000000003
25.000000000000004	118.00000000000001	37.00000000000001	320.00000000000006
85.00000000000001	156.00000000000003	199.00000000000003	60.00000000000001
12.000000000000002	13.000000000000002	17.000000000000004	458.00000000000006
10.000000000000002	434.00000000000006	25.000000000000004	31.000000000000004
306.00000000000006	54.00000000000001	18.000000000000004	122.00000000000001
>HD-CUT.1
126.00000000000001	75.00000000000001	65.00000000000001	234.00000000000003
54.00000000000001	99.0	112.00000000000001	235.0
20.000000000000004	88.00000000000001	79.99999999999999	312.00000000000006
496.0	3.000000000000001	0.0	1.0000000000000002
2.0000000000000004	0.0	5.000000000000001	493.0
5.000000000000001	78.00000000000001	2.0000000000000004	415.00000000000006
2.0000000000000004	0.0	498.0	0.0
497.0	1.0000000000000002	0.0	2.0000000000000004
3.000000000000001	9.000000000000002	2.0000000000000004	486.0
1.0000000000000002	161.00000000000006	6.000000000000001	332.00000000000006
71.00000000000001	68.00000000000001	150.00000000000003	211.00000000000003
>NKX2.1
111.00000000000001	79.00000000000001	125.00000000000001	185.00000000000003
9.000000000000002	212.00000000000003	175.00000000000003	104.00000000000001
6.000000000000001	133.00000000000003	69.00000000000001	292.00000000000006
17.000000000000004	137.00000000000003	177.00000000000003	169.00000000000003
191.00000000000003	20.000000000000004	277.00000000000006	12.000000000000002
498.00000000000006	0.0	1.0000000000000002	1.0000000000000002
1.0000000000000002	3.000000000000001	492.00000000000006	4.000000000000001
91.00000000000001	28.000000000000004	9.000000000000002	372.00000000000006
9.000000000000002	6.000000000000001	469.00000000000006	16.000000000000004
14.000000000000002	167.00000000000003	272.00000000000006	47.00000000000001
>NR3.1
201.00000000000003	8.000000000000002	260.00000000000006	31.000000000000004
13.000000000000002	2.0000000000000004	472.00000000000006	13.000000000000002
226.00000000000003	96.00000000000001	107.00000000000001	71.00000000000001
451.00000000000006	9.000000000000002	13.000000000000002	27.000000000000004
0.0	481.00000000000006	13.000000000000002	6.000000000000001
408.00000000000006	8.000000000000002	47.00000000000001	37.00000000000001
28.000000000000004	205.00000000000003	132.00000000000003	135.00000000000003
0.0	189.00000000000003	0.0	311.00000000000006
64.00000000000001	192.00000000000003	185.00000000000003	59.00000000000001
42.00000000000001	28.000000000000004	6.000000000000001	424.00000000000006
2.0000000000000004	5.000000000000001	493.00000000000006	0.0
12.000000000000002	13.000000000000002	9.000000000000002	466.00000000000006
74.00000000000001	106.00000000000001	103.00000000000001	217.00000000000003
16.000000000000004	467.00000000000006	2.0000000000000004	15.000000000000002
27.000000000000004	267.00000000000006	2.0000000000000004	204.00000000000003
68.00000000000001	155.00000000000003	96.00000000000001	181.00000000000003
>NKX28
0.1470588235294116	1.205882352941178	1.205882352941178	3.4411764705882355
0.0	0.0	0.0	6.0
0.0	4.647058823529414	1.3529411764705859	0.0
5.705882352941178	0.0	0.2941176470588238	0.0
6.0	0.0	0.0	0.0
0.0	0.0	6.0	0.0
0.0	0.0	3.588235294117644	2.41176470588235
3.588235294117644	0.0	2.41176470588235	0.0
0.1470588235294116	3.4411764705882355	1.205882352941178	1.205882352941178
>CTCF
96.00000000000001	100.00000000000001	236.00000000000003	63.00000000000001
27.000000000000004	405.00000000000006	42.00000000000001	21.000000000000004
8.000000000000002	479.00000000000006	4.000000000000001	4.000000000000001
170.00000000000003	53.00000000000001	197.00000000000003	75.00000000000001
48.00000000000001	252.00000000000003	190.00000000000003	5.000000000000001
26.000000000000004	294.00000000000006	40.00000000000001	135.00000000000003
446.00000000000006	13.000000000000002	25.000000000000004	11.000000000000002
2.0000000000000004	2.0000000000000004	491.00000000000006	0.0
84.00000000000001	0.0	409.00000000000006	2.0000000000000004
22.000000000000004	26.000000000000004	390.00000000000006	57.00000000000001
4.000000000000001	2.0000000000000004	487.00000000000006	2.0000000000000004
1.0000000000000002	9.000000000000002	466.00000000000006	19.000000000000004
23.000000000000004	469.00000000000006	0.0	3.000000000000001
67.00000000000001	1.0000000000000002	425.00000000000006	2.0000000000000004
11.000000000000002	390.00000000000006	74.00000000000001	20.000000000000004
55.00000000000001	193.00000000000003	47.00000000000001	200.00000000000003
116.00000000000001	155.00000000000003	197.00000000000003	27.000000000000004
42.00000000000001	181.00000000000003	129.00000000000003	143.00000000000003
>ZF.4
56.00000000000001	196.00000000000003	92.00000000000001	156.00000000000003
17.000000000000004	236.00000000000003	200.00000000000003	47.00000000000001
35.00000000000001	38.00000000000001	6.000000000000001	421.00000000000006
10.000000000000002	14.000000000000002	453.00000000000006	23.000000000000004
5.000000000000001	6.000000000000001	382.00000000000006	107.00000000000001
6.000000000000001	20.000000000000004	474.00000000000006	0.0
33.00000000000001	11.000000000000002	10.000000000000002	446.00000000000006
6.000000000000001	4.000000000000001	487.00000000000006	3.000000000000001
8.000000000000002	2.0000000000000004	469.00000000000006	21.000000000000004
7.000000000000001	119.00000000000001	76.00000000000001	298.00000000000006
21.000000000000004	440.00000000000006	21.000000000000004	18.000000000000004
58.00000000000001	180.00000000000003	30.000000000000004	232.00000000000003
>JUN/FOS.1
85.00000000000001	94.00000000000001	195.00000000000003	76.00000000000001
114.00000000000001	66.00000000000001	187.00000000000003	83.00000000000001
176.00000000000003	73.00000000000001	181.00000000000003	20.000000000000004
14.000000000000002	1.0000000000000002	9.000000000000002	426.00000000000006
1.0000000000000002	2.0000000000000004	434.00000000000006	13.000000000000002
429.00000000000006	7.000000000000001	6.000000000000001	8.000000000000002
31.000000000000004	8.000000000000002	411.00000000000006	0.0
6.000000000000001	5.000000000000001	5.000000000000001	434.00000000000006
10.000000000000002	425.00000000000006	15.000000000000002	0.0
447.00000000000006	2.0000000000000004	1.0000000000000002	0.0
14.000000000000002	172.00000000000003	64.00000000000001	200.00000000000003
>PRDM5
119.00000000000001	188.00000000000003	153.00000000000003	40.00000000000001
195.00000000000003	226.00000000000003	55.00000000000001	24.000000000000004
101.00000000000001	35.00000000000001	119.00000000000001	245.00000000000003
0.0	0.0	499.00000000000006	1.0000000000000002
2.0000000000000004	0.0	494.00000000000006	4.000000000000001
376.00000000000006	7.000000000000001	31.000000000000004	86.00000000000001
9.000000000000002	36.00000000000001	445.00000000000006	10.000000000000002
248.00000000000003	105.00000000000001	107.00000000000001	40.00000000000001
133.00000000000003	53.00000000000001	162.00000000000003	152.00000000000003
63.00000000000001	312.00000000000006	73.00000000000001	52.00000000000001
220.00000000000003	170.00000000000003	86.00000000000001	24.000000000000004
187.00000000000003	13.000000000000002	207.00000000000003	93.00000000000001
3.000000000000001	3.000000000000001	492.00000000000006	2.0000000000000004
7.000000000000001	27.000000000000004	383.00000000000006	83.00000000000001
156.00000000000003	101.00000000000001	34.00000000000001	209.00000000000003
>Paired-related-HD.3
88.00000000000001	22.000000000000004	13.000000000000002	377.00000000000006
455.00000000000006	3.000000000000001	23.000000000000004	19.000000000000004
500.00000000000006	0.0	0.0	0.0
15.000000000000002	34.00000000000001	23.000000000000004	428.00000000000006
38.00000000000001	55.00000000000001	86.00000000000001	321.00000000000006
239.00000000000003	0.0	261.00000000000006	0.0
245.00000000000003	68.00000000000001	149.00000000000003	38.00000000000001
376.00000000000006	9.000000000000002	74.00000000000001	41.00000000000001
6.000000000000001	2.0000000000000004	3.000000000000001	489.00000000000006
21.000000000000004	47.00000000000001	2.0000000000000004	430.00000000000006
362.00000000000006	27.000000000000004	21.000000000000004	90.00000000000001
>STAT3/4
31.000000000000004	167.00000000000003	26.000000000000004	251.00000000000003
0.0	4.000000000000001	5.000000000000001	466.00000000000006
0.0	3.000000000000001	11.000000000000002	461.00000000000006
27.000000000000004	435.00000000000006	6.000000000000001	7.000000000000001
9.000000000000002	337.00000000000006	6.000000000000001	123.00000000000001
66.00000000000001	183.00000000000003	50.00000000000001	176.00000000000003
115.00000000000001	54.00000000000001	243.00000000000003	63.00000000000001
39.00000000000001	37.00000000000001	271.00000000000006	128.00000000000003
288.00000000000006	131.00000000000003	10.000000000000002	46.00000000000001
368.00000000000006	42.00000000000001	25.000000000000004	40.00000000000001
>Jun-related.1
94.00000000000001	69.00000000000001	73.00000000000001	264.00000000000006
28.000000000000004	50.00000000000001	394.00000000000006	28.000000000000004
24.000000000000004	436.00000000000006	21.000000000000004	19.000000000000004
43.00000000000001	47.00000000000001	15.000000000000002	395.00000000000006
29.000000000000004	49.00000000000001	380.00000000000006	42.00000000000001
422.00000000000006	17.000000000000004	4.000000000000001	57.00000000000001
13.000000000000002	70.00000000000001	412.00000000000006	5.000000000000001
9.000000000000002	7.000000000000001	1.0000000000000002	483.00000000000006
13.000000000000002	484.00000000000006	2.0000000000000004	1.0000000000000002
493.00000000000006	0.0	2.0000000000000004	5.000000000000001
7.000000000000001	184.00000000000003	78.00000000000001	231.00000000000003
>HIC1
8.001077586206925	4.121767241379309	20.177801724137964	7.031250000000002
0.9698275862068964	3.8793103448275934	29.633620689655196	4.849137931034502
0.0	0.0	36.42241379310351	2.909482758620693
0.9698275862068964	0.0	13.57758620689658	24.784482758620737
0.0	0.0	0.0	39.3318965517242
0.9698275862068964	0.0	38.36206896551732	0.0
0.9698275862068964	38.36206896551732	0.0	0.0
0.0	39.3318965517242	0.0	0.0
7.516163793103464	24.542025862069003	3.6368534482758665	3.6368534482758665
>ZF.5
89.00000000000001	285.00000000000006	66.00000000000001	60.00000000000001
420.00000000000006	8.000000000000002	66.00000000000001	6.000000000000001
421.00000000000006	18.000000000000004	18.000000000000004	43.00000000000001
176.00000000000003	106.00000000000001	205.00000000000003	13.000000000000002
497.00000000000006	2.0000000000000004	0.0	1.0000000000000002
2.0000000000000004	1.0000000000000002	2.0000000000000004	495.00000000000006
3.000000000000001	0.0	496.00000000000006	1.0000000000000002
2.0000000000000004	1.0000000000000002	495.00000000000006	2.0000000000000004
20.000000000000004	460.00000000000006	3.000000000000001	17.000000000000004
15.000000000000002	82.00000000000001	340.00000000000006	63.00000000000001
40.00000000000001	53.00000000000001	376.00000000000006	31.000000000000004
68.00000000000001	364.00000000000006	31.000000000000004	37.00000000000001
>NR-ERR.1
200.00000000000003	89.00000000000001	93.00000000000001	118.00000000000001
81.00000000000001	63.00000000000001	245.00000000000003	111.00000000000001
39.00000000000001	153.00000000000003	155.00000000000003	153.00000000000003
12.000000000000002	132.00000000000003	38.00000000000001	318.00000000000006
31.000000000000004	408.00000000000006	60.00000000000001	1.0000000000000002
470.00000000000006	3.000000000000001	27.000000000000004	0.0
497.00000000000006	0.0	3.000000000000001	0.0
0.0	0.0	496.00000000000006	4.000000000000001
0.0	0.0	498.00000000000006	2.0000000000000004
6.000000000000001	3.000000000000001	23.000000000000004	468.00000000000006
0.0	475.00000000000006	10.000000000000002	15.000000000000002
495.00000000000006	0.0	5.000000000000001	0.0
>MAF.1
170.00000000000003	55.00000000000001	133.00000000000003	72.00000000000001
212.00000000000003	21.000000000000004	81.00000000000001	116.00000000000001
257.00000000000006	5.000000000000001	37.00000000000001	131.00000000000003
213.00000000000003	17.000000000000004	16.000000000000004	184.00000000000003
110.00000000000001	113.00000000000001	90.00000000000001	117.00000000000001
25.000000000000004	31.000000000000004	4.000000000000001	370.00000000000006
0.0	0.0	430.00000000000006	0.0
13.000000000000002	414.00000000000006	1.0000000000000002	2.0000000000000004
2.0000000000000004	4.000000000000001	0.0	424.00000000000006
0.0	0.0	427.00000000000006	3.000000000000001
429.00000000000006	0.0	1.0000000000000002	0.0
9.000000000000002	238.00000000000003	178.00000000000003	5.000000000000001
21.000000000000004	13.000000000000002	6.000000000000001	390.00000000000006
36.00000000000001	350.00000000000006	22.000000000000004	22.000000000000004
350.00000000000006	0.0	47.00000000000001	33.00000000000001
13.000000000000002	0.0	360.00000000000006	57.00000000000001
7.000000000000001	387.00000000000006	31.000000000000004	5.000000000000001
305.00000000000006	19.000000000000004	43.00000000000001	63.00000000000001
>HOX-related.1
8.121124031007762	0.25290697674418633	1.1521317829457396	18.462209302325626
0.0	0.0	0.0	27.9883720930233
2.0232558139534906	0.0	25.96511627906981	0.0
27.9883720930233	0.0	0.0	0.0
0.0	0.0	0.0	27.9883720930233
0.0	0.0	0.0	27.9883720930233
13.151162790697692	0.0	9.10465116279071	5.732558139534901
27.08914728682175	0.8992248062015518	0.0	0.0
0.0	1.9108527131782973	0.0	26.077519379845
2.5290697674418636	1.517441860465118	15.174418604651184	8.767441860465137
>AIRE
16.428571428571484	10.795918367346953	5.1632653061224625	8.918367346938803
7.51020408163268	7.51020408163268	5.632653061224489	20.65306122448985
5.632653061224489	5.632653061224489	8.448979591836776	21.591836734693906
1.877551020408166	0.0	36.612244897959265	2.8163265306122534
0.0	0.0	33.79591836734698	7.51020408163268
13.14285714285717	1.877551020408166	0.938775510204083	25.346938775510242
15.959183673469415	3.755102040816336	0.938775510204083	20.65306122448985
15.02040816326536	5.632653061224489	5.632653061224489	15.02040816326536
14.081632653061265	2.8163265306122534	5.632653061224489	18.775510204081698
21.591836734693945	3.755102040816336	5.632653061224489	10.326530612244925
15.959183673469415	1.877551020408166	2.8163265306122534	20.65306122448985
9.38775510204083	5.632653061224489	2.8163265306122534	23.469387755102094
0.0	0.938775510204083	36.612244897959265	3.755102040816336
0.0	0.0	40.36734693877556	0.938775510204083
9.38775510204083	3.755102040816336	10.326530612244925	17.836734693877606
2.8163265306122534	7.51020408163268	7.51020408163268	23.469387755102094
18.77551020408166	0.938775510204083	6.571428571428585	15.02040816326536
16.663265306122497	11.030612244898006	4.45918367346938	9.153061224489816
>ZN431
174.00000000000003	42.00000000000001	81.00000000000001	106.00000000000001
62.00000000000001	125.00000000000001	177.00000000000003	39.00000000000001
196.00000000000003	22.000000000000004	85.00000000000001	100.00000000000001
36.00000000000001	104.00000000000001	118.00000000000001	145.00000000000003
251.00000000000003	26.000000000000004	85.00000000000001	41.00000000000001
79.00000000000001	218.00000000000003	54.00000000000001	52.00000000000001
75.00000000000001	231.00000000000003	30.000000000000004	67.00000000000001
211.00000000000003	16.000000000000004	142.00000000000003	34.00000000000001
302.00000000000006	7.000000000000001	43.00000000000001	51.00000000000001
2.0000000000000004	381.00000000000006	8.000000000000002	12.000000000000002
5.000000000000001	378.00000000000006	7.000000000000001	13.000000000000002
9.000000000000002	26.000000000000004	0.0	368.00000000000006
386.00000000000006	5.000000000000001	10.000000000000002	2.0000000000000004
393.00000000000006	1.0000000000000002	7.000000000000001	2.0000000000000004
3.000000000000001	9.000000000000002	387.00000000000006	4.000000000000001
359.00000000000006	28.000000000000004	5.000000000000001	11.000000000000002
12.000000000000002	371.00000000000006	2.0000000000000004	18.000000000000004
385.00000000000006	1.0000000000000002	15.000000000000002	2.0000000000000004
4.000000000000001	1.0000000000000002	384.00000000000006	14.000000000000002
35.00000000000001	1.0000000000000002	365.00000000000006	2.0000000000000004
97.00000000000001	198.00000000000003	80.00000000000001	28.000000000000004
237.00000000000003	18.000000000000004	68.00000000000001	80.00000000000001
24.000000000000004	165.00000000000003	70.00000000000001	144.00000000000003
>HSF.1
82.00000000000001	133.00000000000003	83.00000000000001	202.00000000000003
301.00000000000006	12.000000000000002	171.00000000000003	16.000000000000004
4.000000000000001	0.0	495.00000000000006	1.0000000000000002
470.00000000000006	16.000000000000004	8.000000000000002	6.000000000000001
456.00000000000006	9.000000000000002	20.000000000000004	15.000000000000002
144.00000000000003	129.00000000000003	125.0	102.00000000000001
106.00000000000001	116.0	181.00000000000003	97.00000000000001
43.00000000000001	36.00000000000001	18.000000000000004	403.00000000000006
28.000000000000004	8.000000000000002	36.00000000000001	428.00000000000006
2.0000000000000004	495.00000000000006	3.000000000000001	0.0
5.000000000000001	159.00000000000003	21.000000000000004	315.00000000000006
331.00000000000006	4.000000000000001	161.00000000000003	4.000000000000001
0.0	0.0	497.00000000000006	3.000000000000001
459.00000000000006	9.000000000000002	18.000000000000004	14.000000000000002
407.00000000000006	23.000000000000004	51.00000000000001	19.000000000000004
>SNAI/ZEB
0.982142857142855	2.4107142857142847	1.339285714285715	0.267857142857143
0.0	5.0	0.0	0.0
5.0	0.0	0.0	0.0
0.0	0.0	5.0	0.0
0.0	0.0	5.0	0.0
0.0	0.0	0.0	5.0
0.0	0.0	5.0	0.0
0.267857142857143	0.982142857142855	2.4107142857142847	1.339285714285715
>CACGTG/bHLH-ZIP.2
93.00000000000001	129.00000000000003	240.00000000000003	38.00000000000001
183.00000000000003	179.00000000000003	120.00000000000001	18.000000000000004
96.00000000000001	150.00000000000003	243.00000000000003	11.000000000000002
10.000000000000002	486.00000000000006	4.000000000000001	0.0
488.00000000000006	4.000000000000001	3.000000000000001	5.000000000000001
6.000000000000001	414.00000000000006	21.000000000000004	59.00000000000001
19.000000000000004	0.0	477.00000000000006	4.000000000000001
31.000000000000004	110.00000000000001	2.0000000000000004	357.00000000000006
1.0000000000000002	2.0000000000000004	488.00000000000006	9.000000000000002
63.00000000000001	107.00000000000001	305.00000000000006	25.000000000000004
110.00000000000001	256.00000000000006	71.00000000000001	63.00000000000001
>RUNX.1
57.00000000000001	137.00000000000003	178.00000000000003	128.00000000000003
57.00000000000001	141.00000000000003	96.00000000000001	206.00000000000003
36.00000000000001	254.00000000000003	22.000000000000004	188.00000000000003
10.000000000000002	2.0000000000000004	3.000000000000001	485.00000000000006
3.000000000000001	3.000000000000001	493.00000000000006	1.0000000000000002
24.000000000000004	48.00000000000001	4.000000000000001	424.00000000000006
1.0000000000000002	0.0	499.00000000000006	0.0
3.000000000000001	2.0000000000000004	495.00000000000006	0.0
3.000000000000001	33.00000000000001	36.00000000000001	428.00000000000006
21.000000000000004	117.00000000000001	10.000000000000002	352.00000000000006
167.00000000000003	19.000000000000004	53.00000000000001	261.00000000000006
61.00000000000001	152.00000000000003	173.00000000000003	114.00000000000001
>KAISO
66.00000000000001	207.00000000000003	187.00000000000003	38.00000000000001
263.00000000000006	63.00000000000001	103.00000000000001	69.00000000000001
253.00000000000003	51.00000000000001	185.00000000000003	9.000000000000002
209.00000000000003	68.00000000000001	161.00000000000003	60.00000000000001
41.00000000000001	129.00000000000003	80.00000000000001	248.00000000000003
144.00000000000003	295.00000000000006	47.00000000000001	12.000000000000002
47.00000000000001	84.00000000000001	65.00000000000001	302.00000000000006
7.000000000000001	473.00000000000006	11.000000000000002	7.000000000000001
23.000000000000004	4.000000000000001	463.00000000000006	8.000000000000002
10.000000000000002	461.00000000000006	5.000000000000001	22.000000000000004
9.000000000000002	3.000000000000001	479.00000000000006	7.000000000000001
402.00000000000006	13.000000000000002	77.00000000000001	6.000000000000001
18.000000000000004	16.000000000000004	431.00000000000006	33.00000000000001
392.00000000000006	25.000000000000004	71.00000000000001	10.000000000000002
167.00000000000003	102.00000000000001	165.00000000000003	64.00000000000001
>NFKB.1
25.000000000000004	4.000000000000001	448.00000000000006	20.000000000000004
34.00000000000001	4.000000000000001	455.00000000000006	4.000000000000001
7.000000000000001	3.000000000000001	478.00000000000006	9.000000000000002
353.00000000000006	5.000000000000001	136.00000000000003	3.000000000000001
427.00000000000006	24.000000000000004	44.00000000000001	2.0000000000000004
468.00000000000006	1.0000000000000002	28.000000000000004	0.0
68.00000000000001	76.00000000000001	130.00000000000003	223.00000000000003
53.00000000000001	173.00000000000003	21.000000000000004	250.00000000000003
31.000000000000004	454.00000000000006	8.000000000000002	4.000000000000001
31.000000000000004	458.00000000000006	1.0000000000000002	7.000000000000001
29.000000000000004	435.00000000000006	16.000000000000004	17.000000000000004
>SMAD4
98.00000000000001	217.00000000000003	94.00000000000001	80.00000000000001
111.00000000000001	40.00000000000001	37.00000000000001	301.00000000000006
14.000000000000002	34.00000000000001	418.00000000000006	23.000000000000004
37.00000000000001	83.00000000000001	98.00000000000001	271.00000000000006
4.000000000000001	429.00000000000006	9.000000000000002	47.00000000000001
0.0	8.000000000000002	3.000000000000001	478.00000000000006
76.00000000000001	96.00000000000001	276.00000000000006	41.00000000000001
94.00000000000001	99.00000000000001	159.00000000000003	137.00000000000003
53.00000000000001	391.00000000000006	34.00000000000001	11.000000000000002
270.00000000000006	69.00000000000001	37.00000000000001	113.00000000000001
28.000000000000004	340.00000000000006	74.00000000000001	47.00000000000001
90.00000000000001	237.00000000000003	39.00000000000001	123.00000000000001
>HXA13
3.1850649350649514	3.3019480519480697	8.56168831168833	1.899350649350649
5.844155844155853	1.0519480519480555	6.311688311688327	3.7402597402597557
0.0	0.0	3.272727272727282	13.675324675324719
4.9090909090909225	0.0	2.1038961038961146	9.935064935064963
1.0519480519480555	0.0	0.0	15.896103896103954
4.441558441558449	0.0	0.0	12.506493506493552
16.948051948052	0.0	0.0	0.0
0.0	2.9220779220779267	0.0	14.025974025974076
1.8701298701298779	1.0519480519480555	3.9740259740259924	10.051948051948083
0.0	1.0519480519480555	12.974025974026008	2.9220779220779267
1.6948051948052	3.214285714285723	11.512987012987045	0.5259740259740278
>NR1/ROR.1
165.00000000000003	68.00000000000001	183.00000000000003	84.00000000000001
187.00000000000003	74.00000000000001	194.00000000000003	45.00000000000001
179.00000000000003	36.00000000000001	253.00000000000003	32.00000000000001
167.00000000000003	25.000000000000004	197.00000000000003	111.00000000000001
293.00000000000006	101.00000000000001	79.00000000000001	27.000000000000004
272.00000000000006	18.000000000000004	71.00000000000001	139.00000000000003
69.00000000000001	121.00000000000001	261.00000000000006	49.00000000000001
41.00000000000001	10.000000000000002	75.00000000000001	374.00000000000006
192.00000000000003	11.000000000000002	287.00000000000006	10.000000000000002
200.00000000000003	1.0000000000000002	281.00000000000006	18.000000000000004
13.000000000000002	29.000000000000004	452.00000000000006	6.000000000000001
9.000000000000002	32.00000000000001	80.00000000000001	379.00000000000006
16.000000000000004	444.00000000000006	33.00000000000001	7.000000000000001
476.00000000000006	3.000000000000001	3.000000000000001	18.000000000000004
70.00000000000001	145.00000000000003	218.00000000000003	67.00000000000001
193.00000000000003	60.00000000000001	107.00000000000001	140.00000000000003
135.00000000000003	69.00000000000001	239.00000000000003	57.00000000000001
136.00000000000003	53.00000000000001	228.00000000000003	83.00000000000001
143.00000000000003	79.00000000000001	192.00000000000003	86.00000000000001
>NFI.2
13.000000000000002	274.00000000000006	105.00000000000001	108.00000000000001
2.0000000000000004	273.00000000000006	0.0	225.00000000000003
0.0	0.0	7.000000000000001	493.00000000000006
0.0	0.0	500.00000000000006	0.0
1.0000000000000002	0.0	496.00000000000006	3.000000000000001
12.000000000000002	485.00000000000006	2.0000000000000004	1.0000000000000002
323.00000000000006	13.000000000000002	2.0000000000000004	162.00000000000003
27.000000000000004	135.00000000000003	261.00000000000006	77.00000000000001
118.00000000000001	212.00000000000003	132.00000000000003	38.00000000000001
